// https://www.geogebra.org/calculator/d9pvsbef
60 10
-4 6 -2 6
-2 6 0 6
0 6 2 6
4 6 6 6
-4 6 -4 4
-2 6 -2 4
0 6 0 4
2 4 2 6
2 6 4 6
4 6 4 4
6 4 6 6
-4 4 -2 4
-2 4 0 4
0 4 2 4
2 4 4 4
4 4 6 4
-4 4 -4 2
-2 4 -2 2
0 4 0 2
2 4 2 2
4 4 4 2
6 4 6 2
-4 2 -2 2
-2 2 0 2
0 2 2 2
2 2 4 2
4 2 6 2
-4 2 -4 0
-2 2 -2 0
0 2 0 0
2 2 2 0
4 2 4 0
6 2 6 0
-4 0 -2 0
-2 0 0 0
0 0 2 0
2 0 4 0
4 0 6 0
-4 0 -4 -2
-2 0 -2 -2
0 0 0 -2
2 0 2 -2
4 0 4 -2
6 0 6 -2
-4 -2 -2 -2
-2 -2 0 -2
0 -2 2 -2
2 -2 4 -2
4 -2 6 -2
-4 -2 -4 -4
-2 -2 -2 -4
0 -2 0 -4
2 -2 2 -4
4 -2 4 -4
6 -2 6 -4
-4 -4 -2 -4
-2 -4 0 -4
0 -4 2 -4
2 -4 4 -4
4 -4 6 -4

-3 -3
1 -1
-1 3
5 3
6 6
-2 0
7 7
-4 -6