35 0
307626.78 3800089.7 307628.28 3800089.71
307628.19 3800097.86 307628.7 3800097.86
307600.56 3800098.79 307600.99 3800098.79
307638.67 3800099.0 307638.68 3800097.97
307628.59 3800107.72 307628.69 3800099.0
307649.26 3800107.63 307652.76 3800107.67
307627.41 3800098.93 307627.93 3800098.93
307656.26 3800107.71 307656.42 3800107.71
307601.32 3800107.74 307601.42 3800098.8
307628.69 3800099.0 307628.7 3800097.86
307639.54 3800090.58 307650.09 3800090.7
307600.56 3800098.79 307600.67 3800089.4
307638.67 3800099.0 307639.95 3800099.01
307620.16 3800107.96 307622.46 3800107.98
307637.5 3800090.84 307638.77 3800090.86
307622.46 3800107.98 307628.59 3800108.05
307657.7 3800099.21 307657.8 3800090.79
307632.1 3800107.44 307649.26 3800107.63
307656.45 3800099.19 307656.68 3800099.2
307627.93 3800098.93 307628.69 3800099.0
307638.68 3800097.97 307638.77 3800090.86
307657.09 3800090.78 307657.8 3800090.79
307628.59 3800107.72 307628.59 3800108.05
307649.17 3800099.11 307649.67 3800099.12
307601.32 3800107.74 307620.16 3800107.96
307628.19 3800097.86 307628.27 3800090.74
307649.67 3800099.12 307653.18 3800099.16
307626.02 3800089.69 307626.78 3800089.7
307628.69 3800099.0 307631.02 3800098.91
307643.14 3800099.05 307649.17 3800099.11
307652.76 3800107.67 307656.26 3800107.71
307655.67 3800099.18 307656.45 3800099.19
307628.27 3800090.74 307628.28 3800089.71
307628.27 3800090.74 307637.5 3800090.84
307638.77 3800090.57 307638.77 3800090.86
