-120.6875 19.5625 -90.03061224489797 17.948979591836732
-29.5 -11.5 -26.666666666666668 -8.666666666666666
5.803030303030303 -11.075757575757576 6.174418604651162 -8.104651162790697
18.5 24.5 18.5 25.9
29.427272727272726 20.754545454545454 32.29245283018868 19.4811320754717
18.5 24.5 20.1 22.1
29.3 11.3 29.43548387096774 12.112903225806452
-2.5 11.0 2.7777777777777777 7.481481481481481
26.5 -49.5 30.0 -37.833333333333336
-31.833333333333332 28.5 -25.285714285714285 32.42857142857143
14.87037037037037 -7.388888888888889 17.59090909090909 -8.409090909090908
-8.382352941176471 -19.205882352941178 -6.0 -20.0
29.38235294117647 12.205882352941176 32.29245283018868 19.4811320754717
-29.5 -526.5 -29.5 -28.9
36.0 13.0 36.0 17.142857142857142
-28.333333333333332 17.0 -24.0 17.0
-4.5 -11.166666666666666 -3.7857142857142856 -11.642857142857142
25.416666666666668 -3.0 25.625 -1.75
-32.0 -20.0 -23.5 -20.0
29.38235294117647 12.205882352941176 29.43548387096774 12.112903225806452
-120.6875 19.5625 -38.0 -8.0
23.363636363636363 7.454545454545455 23.651515151515152 5.4393939393939394
-12.681818181818182 -46.59090909090909 -11.231707317073171 -69.79268292682926
22.5 21.5 23.59090909090909 19.68181818181818
-1.5 27.5 10.1 62.3
38.7 10.3 44.026315789473685 18.289473684210527
-30.875 19.9375 -29.3 22.3
-5.595238095238095 17.357142857142858 -3.1666666666666665 21.0
-19.5 28.5 -18.0 27.0
-10.214285714285714 -14.214285714285714 -8.928571428571429 -15.928571428571429
-18.555555555555557 17.27777777777778 -17.0 17.9
23.363636363636363 7.454545454545455 26.5 8.5
31.9 -9.9 40.166666666666664 -4.388888888888889
4.0 -22.0 4.0 -17.333333333333332
31.045454545454547 4.318181818181818 31.605263157894736 4.131578947368421
-13.166666666666666 26.166666666666668 -10.5 29.5
-25.571428571428573 -3.357142857142857 -24.033333333333335 -1.05
-29.3 22.3 -26.264705882352942 24.323529411764707
-16.0 33.9 -10.5 29.5
-4.5 -11.166666666666666 -4.5 -9.0
13.0 20.0 17.5 17.75
-22.0 62.0 -22.0 348.5
-23.0 4.0 -16.88888888888889 5.222222222222222
-15.0 13.375 -13.552631578947368 12.289473684210526
-1.1440677966101696 -24.39830508474576 2.7 -23.3
3.5 21.0 5.384615384615385 17.23076923076923
44.026315789473685 18.289473684210527 59.6578947368421 25.236842105263158
-33.166666666666664 28.5 -22.0 62.0
-14.0 -13.333333333333334 -13.0 -13.0
-6.545454545454545 4.2272727272727275 1.5641025641025639 1.9102564102564104
-8.61111111111111 11.833333333333332 -6.388888888888889 5.166666666666666
15.96875 11.875 17.5 13.1
-32.357142857142854 12.185714285714285 -29.333333333333332 14.0
-2.6176470588235294 -15.147058823529411 2.076923076923077 -13.26923076923077
-21.714285714285715 -10.571428571428571 -19.282608695652172 -9.76086956521739
32.857142857142854 11.428571428571429 34.7 5.9
-25.26923076923077 1.7307692307692308 -23.0 4.0
28.0 -8.785714285714286 29.147058823529413 -9.441176470588236
-18.25 -16.5 -17.192307692307693 -12.26923076923077
-18.357142857142858 -16.714285714285715 -18.25 -16.5
-19.5 28.5 -19.5 38.1
29.147058823529413 -9.441176470588236 31.9 -9.9
11.0 -18.0 11.75 -17.625
-28.0 2.9444444444444446 -25.26923076923077 1.7307692307692308
-23.5 -18.3 -23.18421052631579 -17.92105263157895
19.375 -18.625 21.152173913043477 -21.58695652173913
23.5 19.5 25.166666666666668 14.5
6.25 -0.5 11.5 -0.5
-90.03061224489797 17.948979591836732 -70.125 15.0
-10.214285714285714 -14.214285714285714 -7.3 -11.3
2.7 -23.3 4.0 -22.0
60.854838709677416 -6.112903225806452 71.28 -9.43
9.3125 -23.0625 11.0 -18.0
12.333333333333334 3.666666666666667 12.5 2.5
25.772727272727273 14.045454545454545 29.045454545454547 20.59090909090909
-16.0 29.0 -16.0 33.9
-3.5 -11.5 0.75 -11.5
26.5 -49.5 26.5 -20.25
19.0 21.0 20.1 22.1
-1.5 27.5 5.0 25.333333333333332
-12.681818181818182 -46.59090909090909 -10.5 -33.5
-6.0 -20.0 -4.333333333333334 -20.0
-24.0 14.0 -24.0 17.0
-560.5 -59.73076923076923 -50.5 -20.5
0.75 -11.5 2.076923076923077 -13.26923076923077
13.0 20.0 15.0 21.0
22.666666666666668 8.5 22.9 9.9
-10.5 29.5 -9.115384615384615 29.653846153846153
29.045454545454547 20.59090909090909 29.427272727272726 20.754545454545454
-34.96153846153846 27.96153846153846 -33.166666666666664 28.5
-6.388888888888889 5.166666666666666 -2.5 11.0
-33.25 -8.0 -31.166666666666668 -5.5
27.666666666666668 -18.5 29.7 -18.5
20.38235294117647 13.676470588235293 21.0 14.5
-32.758620689655174 -23.03448275862069 -29.5 -28.9
-23.29245283018868 22.367924528301888 -19.928571428571427 22.928571428571427
1.5641025641025639 1.9102564102564104 2.0760869565217392 2.282608695652174
3.909090909090909 -13.727272727272727 4.625 -15.875
26.5 8.5 30.72222222222222 4.277777777777778
9.833333333333334 6.166666666666667 12.333333333333334 3.666666666666667
12.5 2.5 18.772727272727273 0.40909090909090917
-50.5 -20.5 -32.758620689655174 -23.03448275862069
-18.25 -16.5 -14.0 -16.5
5.384615384615385 17.23076923076923 9.375 19.625
-32.0 -20.0 -32.0 -16.0
17.333333333333332 8.5 22.666666666666668 8.5
-14.0 -16.5 -14.0 -13.333333333333334
35.13636363636363 -24.136363636363637 44.85714285714286 -16.035714285714285
-22.333333333333332 11.5 -20.5 11.5
-60.5 15.0 -32.357142857142854 12.185714285714285
10.5 -11.5 13.5 -11.5
9.9 -12.1 10.5 -11.5
-35.5 -15.5 -32.0 -16.0
-34.45 -724.5 -29.5 -526.5
-28.0 2.9444444444444446 -28.0 8.7
-19.815789473684212 -2.6315789473684212 -16.666666666666668 3.6666666666666665
2.7 -23.3 10.5 -35.0
10.5 -35.0 10.5 -25.833333333333332
25.625 -1.75 28.291666666666668 3.5833333333333335
5.366666666666666 13.522222222222222 8.928571428571429 12.928571428571429
9.375 19.625 12.429824561403509 20.06140350877193
19.071428571428573 -0.07142857142857117 22.0 -3.0
-26.666666666666668 -8.666666666666666 -23.0 -10.5
-16.666666666666668 3.6666666666666665 -11.166666666666666 -1.8333333333333335
-9.115384615384615 29.653846153846153 -8.5 29.214285714285715
11.5 9.5 15.727272727272727 10.909090909090908
31.9 -9.9 37.27777777777778 -15.277777777777779
10.1 62.3 11.100000000000001 90.30000000000001
-17.0 20.0 -14.5 22.5
-28.25 -5.5 -26.666666666666668 -8.666666666666666
-16.88888888888889 5.222222222222222 -16.346153846153847 6.307692307692308
9.833333333333334 6.166666666666667 11.5 9.5
-24.34313725490196 24.04901960784314 -23.29245283018868 22.367924528301888
-13.0 -8.0 -9.318181818181818 -9.227272727272727
19.0 18.125 19.0 21.0
-7.2368421052631575 18.342105263157894 -5.595238095238095 17.357142857142858
-6.5 -6.0 -1.0 -3.25
-23.20175438596491 -21.342105263157894 -17.21875 -23.90625
10.5 -6.357142857142857 13.270491803278688 -5.565573770491803
13.40909090909091 -4.318181818181818 19.071428571428573 -0.07142857142857117
-15.0 17.1 -10.785714285714285 18.785714285714285
-29.0 19.0 -28.333333333333332 17.0
16.90909090909091 5.954545454545455 17.333333333333332 8.5
30.0 -37.833333333333336 30.0 -19.0
34.0 21.5 34.0 27.625
-23.5 -20.0 -23.20175438596491 -21.342105263157894
-15.833333333333332 -5.166666666666666 -13.0 -8.0
-17.21875 -23.90625 -12.681818181818182 -46.59090909090909
32.41304347826087 29.608695652173914 33.25 33.375
-29.5 -11.5 -24.5 -11.5
25.86842105263158 -52.6578947368421 26.5 -49.5
-20.5 11.5 -19.833333333333332 12.166666666666666
-22.0 62.0 -20.904761904761905 41.19047619047619
71.28 -9.43 512.5 -44.263157894736835
-4.230769230769231 -20.076923076923077 -1.1440677966101696 -24.39830508474576
2.076923076923077 -13.26923076923077 3.909090909090909 -13.727272727272727
-6.5 -13.5 -6.5 -11.833333333333334
32.67741935483871 19.516129032258064 36.0 17.142857142857142
2.0760869565217392 2.282608695652174 3.357142857142857 5.357142857142858
-25.285714285714285 32.42857142857143 -20.904761904761905 41.19047619047619
8.946428571428571 27.964285714285715 11.26923076923077 51.19230769230769
-8.5 21.5 -7.2368421052631575 18.342105263157894
32.67741935483871 19.516129032258064 34.0 21.5
-10.5 -33.5 -6.0 -20.0
31.630434782608695 -16.891304347826086 37.27777777777778 -15.277777777777779
-20.904761904761905 41.19047619047619 -19.5 38.1
-8.61111111111111 11.833333333333332 -8.362068965517242 13.327586206896552
-4.333333333333334 -20.0 -4.230769230769231 -20.076923076923077
3.357142857142857 5.357142857142858 9.833333333333334 6.166666666666667
-8.928571428571429 -15.928571428571429 -6.5 -13.5
-5.642857142857142 16.5 -2.5 11.0
-22.0 -10.5 -21.714285714285715 -10.571428571428571
17.59090909090909 -8.409090909090908 19.569767441860463 -11.872093023255815
33.25 33.375 47.5 26.25
15.5 -22.5 20.214285714285715 -27.214285714285715
10.1 62.3 11.26923076923077 51.19230769230769
-17.21875 -23.90625 -15.327586206896552 -21.258620689655174
11.882352941176471 24.441176470588236 12.429824561403509 20.06140350877193
-13.125 -20.0 -10.5 -20.0
13.0 46.0 22.291666666666668 27.416666666666668
27.78 26.52 29.427272727272726 20.754545454545454
-50.5 -20.5 -35.5 -15.5
15.727272727272727 10.909090909090908 17.333333333333332 8.5
-4.5 -9.0 -1.0 -9.0
23.3 5.0 23.651515151515152 5.4393939393939394
29.147058823529413 -9.441176470588236 31.630434782608695 -16.891304347826086
36.0 17.142857142857142 44.026315789473685 18.289473684210527
3.909090909090909 -13.727272727272727 5.803030303030303 -11.075757575757576
-7.0 -6.0 -6.5 -6.0
17.5 17.75 19.0 18.125
-29.5 -28.9 -23.20175438596491 -21.342105263157894
25.166666666666668 14.5 25.772727272727273 14.045454545454545
-14.913793103448276 6.844827586206897 -12.195652173913043 6.456521739130435
25.919354838709676 -16.403225806451612 27.666666666666668 -18.5
32.41304347826087 29.608695652173914 34.0 27.625
-10.785714285714285 18.785714285714285 -7.2368421052631575 18.342105263157894
-24.0 17.0 -23.142857142857142 19.571428571428573
23.383333333333333 -112.3 25.86842105263158 -52.6578947368421
5.0 24.0 5.0 25.333333333333332
12.5 16.5 15.96875 11.875
23.59090909090909 19.68181818181818 29.045454545454547 20.59090909090909
29.7 -18.5 31.630434782608695 -16.891304347826086
-14.0 -16.5 -13.125 -20.0
23.866666666666667 26.966666666666665 25.5 27.375
7.810344827586206 -6.741379310344827 10.5 -6.357142857142857
-8.81578947368421 -9.026315789473685 -7.0 -6.0
-29.0 19.0 -23.46153846153846 20.846153846153847
-8.5 29.214285714285715 -1.7686567164179108 27.291044776119403
-4.230769230769231 -20.076923076923077 4.0 -17.333333333333332
16.31896551724138 149.44827586206895 20.3 348.5
6.174418604651162 -8.104651162790697 7.810344827586206 -6.741379310344827
-25.26923076923077 1.7307692307692308 -24.033333333333335 -1.05
24.785714285714285 -9.785714285714286 27.32758620689655 -9.362068965517242
13.0 46.0 16.818181818181817 26.90909090909091
18.5 25.9 22.291666666666668 27.416666666666668
-23.91176470588235 25.558823529411764 -19.5 28.5
38.7 10.3 39.775862068965516 6.5344827586206895
-15.327586206896552 -21.258620689655174 -13.125 -20.0
-23.0 10.7 -22.333333333333332 11.5
19.0 18.125 21.0 17.625
25.919354838709676 -16.403225806451612 27.32758620689655 -9.362068965517242
28.0 -8.785714285714286 28.0 -5.214285714285714
-31.0 -12.5 -29.5 -11.5
-25.285714285714285 32.42857142857143 -23.91176470588235 25.558823529411764
-0.5714285714285712 -8.857142857142858 0.75 -11.5
-1.7686567164179108 27.291044776119403 -1.5 27.5
20.366666666666667 -15.477777777777778 25.919354838709676 -16.403225806451612
16.818181818181817 26.90909090909091 18.5 25.9
13.270491803278688 -5.565573770491803 13.40909090909091 -4.318181818181818
-14.948275862068964 24.74137931034483 -13.166666666666666 26.166666666666668
11.5 -0.5 13.40909090909091 -4.318181818181818
0.2857142857142857 -4.571428571428571 6.174418604651162 -8.104651162790697
32.29245283018868 19.4811320754717 32.67741935483871 19.516129032258064
22.9 9.9 26.25 13.25
17.59090909090909 -8.409090909090908 20.5 -5.5
15.727272727272727 10.909090909090908 15.96875 11.875
8.928571428571429 12.928571428571429 11.5 9.5
12.3 -15.7 13.5 -14.5
-29.5 -526.5 -11.231707317073171 -69.79268292682926
33.39473684210526 -2.1315789473684212 40.166666666666664 -4.388888888888889
19.569767441860463 -11.872093023255815 24.785714285714285 -9.785714285714286
-7.3 -11.3 -6.5 -11.833333333333334
3.5 21.0 5.0 24.0
-24.34313725490196 24.04901960784314 -23.91176470588235 25.558823529411764
10.5 -25.833333333333332 15.5 -22.5
-3.7857142857142856 -11.642857142857142 -2.6176470588235294 -15.147058823529411
-3.1666666666666665 21.0 3.5 21.0
17.625 5.0 18.772727272727273 0.40909090909090917
-23.142857142857142 19.571428571428573 -18.555555555555557 17.27777777777778
9.9 -12.1 12.3 -15.7
44.85714285714286 -16.035714285714285 71.28 -9.43
-10.5 -33.5 -10.5 -20.0
59.6578947368421 25.236842105263158 512.5 89.92857142857142
10.5 -35.0 23.383333333333333 -112.3
17.5 13.1 17.5 17.75
22.833333333333332 3.833333333333333 23.3 5.0
11.75 -17.625 12.5 -18.0
2.7777777777777777 7.481481481481481 5.366666666666666 13.522222222222222
8.946428571428571 27.964285714285715 11.882352941176471 24.441176470588236
20.38235294117647 13.676470588235293 22.9 9.9
-70.125 15.0 -33.56896551724138 1.706896551724138
31.605263157894736 4.131578947368421 34.7 5.9
12.5 -18.0 19.285714285714285 -18.0
21.0 14.5 25.166666666666668 14.5
-15.833333333333332 -5.166666666666666 -11.166666666666666 -1.8333333333333335
-8.307692307692308 3.3461538461538463 -6.545454545454545 4.2272727272727275
-6.5 -13.5 -2.7857142857142856 -15.357142857142858
19.442857142857143 -13.014285714285714 19.569767441860463 -11.872093023255815
-17.0 17.9 -15.0 17.1
-11.166666666666666 -1.8333333333333335 -7.0 -6.0
15.0 21.0 18.5 24.5
-34.96153846153846 27.96153846153846 -29.3 22.3
-19.928571428571427 22.928571428571427 -17.045454545454547 25.09090909090909
-33.166666666666664 28.5 -31.833333333333332 28.5
-11.833333333333334 -13.0 -9.318181818181818 -9.227272727272727
-17.192307692307693 -12.26923076923077 -14.0 -13.333333333333334
-28.0 8.7 -23.0 10.7
19.055555555555557 0.05555555555555558 22.833333333333332 3.833333333333333
12.5 -18.0 15.5 -22.5
22.0 -3.0 25.416666666666668 -3.0
-28.25 -5.5 -25.571428571428573 -3.357142857142857
25.5 27.375 27.78 26.52
-32.758620689655174 -23.03448275862069 -32.0 -20.0
19.055555555555557 0.05555555555555558 19.071428571428573 -0.07142857142857117
-14.5 22.5 -10.785714285714285 18.785714285714285
-24.5 -11.5 -23.0 -10.5
-13.0 -13.0 -13.0 -8.0
-19.833333333333332 12.166666666666666 -15.0 13.375
31.605263157894736 4.131578947368421 33.39473684210526 -2.1315789473684212
-23.5 -20.0 -23.5 -18.3
22.833333333333332 3.833333333333333 25.625 -1.75
-560.5 66.35106382978722 -120.6875 19.5625
34.0 27.625 42.166666666666664 25.583333333333332
17.5 13.1 20.38235294117647 13.676470588235293
-38.0 -8.0 -33.25 -8.0
4.633333333333334 15.477777777777778 5.366666666666666 13.522222222222222
20.214285714285715 -27.214285714285715 25.86842105263158 -52.6578947368421
-31.0 -15.0 -28.375 -15.375
-16.88888888888889 5.222222222222222 -16.666666666666668 3.6666666666666665
-33.56896551724138 1.706896551724138 -31.166666666666668 -5.5
22.5 21.5 23.866666666666667 26.966666666666665
20.214285714285715 -27.214285714285715 21.152173913043477 -21.58695652173913
-4.333333333333334 -20.0 -2.7857142857142856 -15.357142857142858
10.5 -11.5 10.5 -6.357142857142857
9.3125 -23.0625 10.5 -25.833333333333332
10.5 -11.5 14.73076923076923 -7.269230769230769
2.7777777777777777 7.481481481481481 3.357142857142857 5.357142857142858
-23.18421052631579 -17.92105263157895 -18.357142857142858 -16.714285714285715
11.75 -17.625 12.3 -15.7
-19.833333333333332 12.166666666666666 -18.555555555555557 17.27777777777778
-3.5 -11.5 -1.0 -9.0
16.90909090909091 5.954545454545455 17.625 5.0
11.26923076923077 51.19230769230769 13.0 46.0
-33.56896551724138 1.706896551724138 -28.0 2.9444444444444446
25.772727272727273 14.045454545454545 26.25 13.25
-17.045454545454547 25.09090909090909 -14.948275862068964 24.74137931034483
-26.264705882352942 24.323529411764707 -24.34313725490196 24.04901960784314
-8.5 21.5 -8.5 29.214285714285715
8.928571428571429 12.928571428571429 12.5 16.5
42.166666666666664 25.583333333333332 47.5 26.25
-6.5 -6.0 -4.5 -9.0
-13.166666666666666 26.166666666666668 -8.5 21.5
-70.125 15.0 -60.5 15.0
-18.0 27.0 -17.045454545454547 25.09090909090909
-8.81578947368421 -9.026315789473685 -7.3 -11.3
12.5 16.5 12.5 20.0
21.0 17.625 23.5 19.5
2.0760869565217392 2.282608695652174 6.25 -0.5
13.5 -14.5 13.5 -11.5
15.0 21.0 19.0 21.0
25.5 76.0 33.25 33.375
40.166666666666664 -4.388888888888889 60.854838709677416 -6.112903225806452
-14.948275862068964 24.74137931034483 -14.5 22.5
21.0 14.5 21.0 17.625
36.0 13.0 38.7 10.3
-17.378048780487806 -5.475609756097561 -15.833333333333332 -5.166666666666666
-2.7857142857142856 -15.357142857142858 -2.6176470588235294 -15.147058823529411
-23.18421052631579 -17.92105263157895 -21.714285714285715 -10.571428571428571
21.152173913043477 -21.58695652173913 26.5 -20.25
-8.928571428571429 -15.928571428571429 -8.382352941176471 -19.205882352941178
-12.195652173913043 6.456521739130435 -8.61111111111111 11.833333333333332
-23.0 4.0 -23.0 10.7
-29.333333333333332 14.0 -28.333333333333332 17.0
11.5 -0.5 12.5 2.5
-16.0 29.0 -13.166666666666666 26.166666666666668
-13.0 -13.0 -11.833333333333334 -13.0
11.100000000000001 90.30000000000001 16.31896551724138 149.44827586206895
17.625 5.0 23.3 5.0
23.5 19.5 23.59090909090909 19.68181818181818
-24.0 14.0 -22.333333333333332 11.5
-23.0 -10.5 -22.0 -10.5
26.5 8.5 29.3 11.3
5.0 25.333333333333332 8.946428571428571 27.964285714285715
32.857142857142854 11.428571428571429 36.0 13.0
26.25 13.25 29.38235294117647 12.205882352941176
18.772727272727273 0.40909090909090917 19.055555555555557 0.05555555555555558
23.383333333333333 -112.3 40.388888888888886 -724.5
27.32758620689655 -9.362068965517242 28.0 -8.785714285714286
-15.0 13.375 -15.0 17.1
5.0 24.0 9.375 19.625
19.285714285714285 -18.0 20.366666666666667 -15.477777777777778
13.5 -11.5 14.87037037037037 -7.388888888888889
-25.571428571428573 -3.357142857142857 -22.0 -10.5
-5.595238095238095 17.357142857142858 -5.546511627906977 17.174418604651162
39.775862068965516 6.5344827586206895 60.854838709677416 -6.112903225806452
28.291666666666668 3.5833333333333335 30.72222222222222 4.277777777777778
-12.195652173913043 6.456521739130435 -8.307692307692308 3.3461538461538463
29.43548387096774 12.112903225806452 32.857142857142854 11.428571428571429
-30.875 19.9375 -29.0 19.0
6.25 -0.5 7.810344827586206 -6.741379310344827
30.0 -37.833333333333336 35.13636363636363 -24.136363636363637
-23.46153846153846 20.846153846153847 -23.29245283018868 22.367924528301888
27.78 26.52 32.41304347826087 29.608695652173914
-0.5714285714285712 -8.857142857142858 0.2857142857142857 -4.571428571428571
-1.0 -9.0 -0.5714285714285712 -8.857142857142858
-90.03061224489797 17.948979591836732 -34.96153846153846 27.96153846153846
30.72222222222222 4.277777777777778 31.045454545454547 4.318181818181818
-32.357142857142854 12.185714285714285 -28.0 8.7
19.442857142857143 -13.014285714285714 20.366666666666667 -15.477777777777778
30.0 -19.0 35.13636363636363 -24.136363636363637
-5.642857142857142 16.5 -5.546511627906977 17.174418604651162
-28.375 -15.375 -23.5 -18.3
19.285714285714285 -18.0 19.375 -18.625
47.5 26.25 59.6578947368421 25.236842105263158
-8.362068965517242 13.327586206896552 -5.642857142857142 16.5
23.651515151515152 5.4393939393939394 28.291666666666668 3.5833333333333335
-10.5 -20.0 -8.382352941176471 -19.205882352941178
-19.282608695652172 -9.76086956521739 -17.378048780487806 -5.475609756097561
28.0 -5.214285714285714 33.39473684210526 -2.1315789473684212
-32.0 -16.0 -31.0 -15.0
22.666666666666668 8.5 23.363636363636363 7.454545454545455
25.416666666666668 -3.0 28.0 -5.214285714285714
-31.166666666666668 -5.5 -28.25 -5.5
12.429824561403509 20.06140350877193 12.5 20.0
29.7 -18.5 30.0 -19.0
20.5 -5.5 24.785714285714285 -9.785714285714286
-11.166666666666666 -1.8333333333333335 -9.236842105263158 0.868421052631579
-19.5 38.1 -16.0 33.9
4.0 -17.333333333333332 4.625 -15.875
-19.928571428571427 22.928571428571427 -17.0 20.0
4.625 -15.875 11.0 -18.0
-9.236842105263158 0.868421052631579 -8.307692307692308 3.3461538461538463
37.27777777777778 -15.277777777777779 44.85714285714286 -16.035714285714285
12.333333333333334 3.666666666666667 16.90909090909091 5.954545454545455
34.7 5.9 39.775862068965516 6.5344827586206895
-19.815789473684212 -2.6315789473684212 -17.378048780487806 -5.475609756097561
-5.546511627906977 17.174418604651162 4.633333333333334 15.477777777777778
-11.833333333333334 -13.0 -10.214285714285714 -14.214285714285714
34.0 21.5 42.166666666666664 25.583333333333332
-9.236842105263158 0.868421052631579 -1.0 -3.25
20.1 22.1 22.5 21.5
11.882352941176471 24.441176470588236 16.818181818181817 26.90909090909091
-14.913793103448276 6.844827586206897 -13.552631578947368 12.289473684210526
-18.0 27.0 -16.0 29.0
5.803030303030303 -11.075757575757576 9.9 -12.1
4.633333333333334 15.477777777777778 5.384615384615385 17.23076923076923
-31.833333333333332 28.5 -26.264705882352942 24.323529411764707
-0.44444444444444464 -3.111111111111111 1.5641025641025639 1.9102564102564104
-0.44444444444444464 -3.111111111111111 0.2857142857142857 -4.571428571428571
-29.333333333333332 14.0 -24.0 14.0
-31.0 -15.0 -31.0 -12.5
-3.1666666666666665 21.0 -1.7686567164179108 27.291044776119403
13.5 -14.5 19.442857142857143 -13.014285714285714
-33.25 -8.0 -31.0 -12.5
12.5 20.0 13.0 20.0
-38.0 -8.0 -35.5 -15.5
-19.282608695652172 -9.76086956521739 -17.192307692307693 -12.26923076923077
-11.231707317073171 -69.79268292682926 -1.1440677966101696 -24.39830508474576
-17.0 17.9 -17.0 20.0
25.5 27.375 25.5 76.0
29.3 11.3 31.045454545454547 4.318181818181818
-28.375 -15.375 -24.5 -11.5
-24.033333333333335 -1.05 -19.815789473684212 -2.6315789473684212
26.5 -20.25 27.666666666666668 -18.5
13.270491803278688 -5.565573770491803 14.73076923076923 -7.269230769230769
-18.357142857142858 -16.714285714285715 -15.327586206896552 -21.258620689655174
16.31896551724138 149.44827586206895 25.5 76.0
-23.46153846153846 20.846153846153847 -23.142857142857142 19.571428571428573
14.73076923076923 -7.269230769230769 14.87037037037037 -7.388888888888889
22.291666666666668 27.416666666666668 23.866666666666667 26.966666666666665
-3.7857142857142856 -11.642857142857142 -3.5 -11.5
15.5 -22.5 19.375 -18.625
-6.545454545454545 4.2272727272727275 -6.388888888888889 5.166666666666666
-20.5 11.5 -16.346153846153847 6.307692307692308
-9.318181818181818 -9.227272727272727 -8.81578947368421 -9.026315789473685
-16.346153846153847 6.307692307692308 -14.913793103448276 6.844827586206897
-1.0 -3.25 -0.44444444444444464 -3.111111111111111
-13.552631578947368 12.289473684210526 -8.362068965517242 13.327586206896552
-60.5 15.0 -30.875 19.9375
4.0 -22.0 9.3125 -23.0625
20.5 -5.5 22.0 -3.0
-6.5 -11.833333333333334 -4.5 -11.166666666666666
-9.115384615384615 29.653846153846153 11.100000000000001 90.30000000000001
