156
-38 -13
-6 9
15 -25
23 -19
-19 -19
-17 22
0 -17
-6 -15
-27 19
2 -9
-11 -7
9 -3
5 -4
-21 16
36 2
-20 -15
18 -4
8 23
-17 15
23 31
15 0
39 14
23 16
-5 -13
-12 -10
-21 7
36 25
-17 29
-15 29
14 28
16 -16
23 -7
-27 12
-5 32
14 7
-28 21
26 17
12 -12
-6 -10
-27 -12
-9 -24
24 -13
42 12
-9 -12
29 -23
7 -20
-20 2
20 11
-30 33
29 0
39 -26
16 3
-25 -14
34 -20
-33 34
24 -23
18 20
-16 11
-30 24
25 23
29 -14
-12 -16
18 22
28 8
-27 18
-3 7
19 16
-2 -12
-7 25
-23 -6
11 -10
-25 -7
23 1
-20 26
20 6
-16 28
35 -10
-30 17
20 4
-3 -10
-25 7
-12 -24
35 10
-27 16
-5 0
-14 -10
1 13
1 -20
-6 -25
6 -25
6 21
13 -22
28 16
-31 7
-12 23
26 10
-9 8
9 -14
32 25
-10 25
16 16
32 9
32 -13
31 -23
27 7
19 29
15 -12
33 14
-35 -4
2 19
-37 -26
-3 -8
3 -27
-2 -11
22 -8
8 10
10 -10
4 29
-35 -12
12 -11
-36 -19
-19 20
-29 -9
37 29
-13 3
28 31
33 -7
38 21
-28 -21
-16 -16
9 16
2 23
9 2
25 2
-28 -19
-8 -13
-22 -26
23 13
16 -20
39 33
-31 23
-6 -2
-27 28
-29 -2
-22 29
-12 10
16 24
20 20
21 24
-16 0
12 13
-13 15
-16 -17
18 -22
-15 20
-27 -11
